<?xml version="1.0" encoding="UTF-8" standalone="no"?>
<!DOCTYPE svg PUBLIC "-//W3C//DTD SVG 20010904//EN"
              "http://www.w3.org/TR/2001/REC-SVG-20010904/DTD/svg10.dtd">

<svg xmlns="http://www.w3.org/2000/svg"
     width="4.16667in" height="4.16667in"
     viewBox="0 0 375 375">
  <path id="경로 가져오기"
        fill="none" stroke="black" stroke-width="1"
        d="M 191.88,105.62
           C 175.50,108.62 162.13,114.50 149.25,124.25
             127.75,140.37 122.88,157.62 136.00,171.50
             137.75,173.50 139.62,175.00 140.12,175.00
             140.62,175.00 144.12,170.62 147.88,165.25
             155.12,154.87 160.50,149.62 167.00,146.50
             170.38,144.87 171.75,144.87 174.88,146.25
             178.12,147.50 178.75,148.50 178.75,152.00
             178.75,155.00 177.88,157.00 176.00,158.50
             166.25,166.00 156.25,179.62 156.25,185.37
             156.25,191.88 170.00,199.88 181.38,200.00
             189.50,200.00 197.00,196.00 203.50,188.00
             212.00,177.75 213.00,172.87 213.50,138.62
             213.88,111.38 213.75,107.62 211.88,105.75
             209.50,103.37 204.12,103.37 191.88,105.62 Z
           M 210.38,135.75
           C 210.13,168.50 208.50,176.62 200.50,186.00
             191.62,196.38 181.38,198.75 169.63,193.12
             158.12,187.50 158.12,187.50 161.88,180.12
             164.88,174.12 171.50,166.62 179.12,160.37
             183.75,156.75 183.88,148.75 179.38,144.38
             174.38,139.25 167.88,140.00 159.75,146.62
             152.88,152.25 144.88,161.88 142.12,167.75
             141.38,169.75 140.25,171.25 139.75,171.25
             138.50,171.25 133.75,163.12 132.50,158.75
             126.63,138.38 169.12,108.75 205.62,107.62
             205.62,107.62 210.62,107.50 210.62,107.50
             210.62,107.50 210.38,135.75 210.38,135.75 Z
           M 192.50,85.75
           C 156.00,92.25 124.50,112.37 113.25,136.25
             110.00,143.12 109.38,145.88 109.38,154.38
             109.38,163.00 109.88,165.50 113.38,172.75
             115.62,177.62 120.13,184.00 124.13,188.25
             124.13,188.25 131.12,195.37 131.12,195.37
             131.12,195.37 129.25,204.88 129.25,204.88
             126.38,219.87 126.50,226.88 129.88,230.50
             133.50,234.38 138.38,235.25 143.38,232.88
             147.88,230.75 149.50,227.25 150.62,217.12
             151.12,213.25 151.62,210.00 151.75,210.00
             152.00,210.00 154.62,211.38 157.75,213.12
             166.00,217.75 177.88,220.38 185.88,219.38
             200.75,217.50 218.12,204.75 225.50,190.25
             231.75,177.87 232.75,171.62 233.75,135.62
             234.38,117.00 235.25,100.12 235.62,98.00
             236.38,94.75 235.88,93.37 232.75,89.87
             232.75,89.87 229.00,85.75 229.00,85.75
             229.00,85.75 212.38,85.50 212.38,85.50
             203.12,85.37 194.25,85.50 192.50,85.75 Z
           M 225.00,90.12
           C 232.25,91.62 233.50,94.12 231.38,102.00
             230.62,104.75 230.00,118.62 230.00,133.75
             229.88,164.25 228.38,176.12 222.75,187.87
             216.25,201.62 201.62,212.87 187.62,215.12
             180.00,216.25 168.38,214.25 160.88,210.50
             150.25,205.25 148.25,206.50 146.38,220.00
             145.88,224.25 144.62,228.25 143.62,228.88
             140.88,230.62 134.25,230.12 132.50,228.12
             131.00,226.25 131.25,216.75 133.25,200.25
             133.25,200.25 134.12,193.75 134.12,193.75
             134.12,193.75 127.00,186.25 127.00,186.25
             116.88,175.62 113.12,167.00 113.12,154.38
             113.12,142.37 115.88,135.50 124.62,125.37
             138.75,108.75 163.75,95.25 188.62,90.75
             200.38,88.62 216.50,88.25 225.00,90.12 Z
           M 158.12,1.25
           C 114.38,4.50 71.50,29.25 46.38,65.50
             -0.25,133.00 14.75,224.87 80.50,274.38
             80.50,274.38 90.00,281.62 90.00,281.62
             90.00,281.62 90.00,324.75 90.00,324.75
             90.00,324.75 89.88,368.00 89.88,368.00
             89.88,368.00 93.12,371.12 93.12,371.12
             97.63,375.75 105.38,375.62 109.50,370.88
             109.50,370.88 112.50,367.38 112.50,367.38
             112.50,367.38 112.50,319.25 112.50,319.25
             112.50,289.12 112.00,270.25 111.25,268.75
             110.50,267.38 105.88,263.75 100.88,260.50
             88.38,252.50 68.38,231.88 60.75,219.00
             48.75,198.75 42.50,176.25 42.50,152.50
             42.50,116.50 55.88,85.12 81.62,60.37
             107.63,35.50 136.88,23.75 173.12,23.62
             210.75,23.50 244.25,36.00 268.50,59.25
             289.75,79.50 300.00,102.62 300.00,130.12
             300.00,130.12 300.00,143.50 300.00,143.50
             300.00,143.50 316.25,168.12 316.25,168.12
             332.75,193.12 334.38,196.75 331.25,202.62
             329.50,205.88 324.88,208.00 314.00,210.62
             300.25,213.88 300.00,214.50 300.00,245.00
             300.00,267.88 299.75,269.75 297.00,275.62
             293.50,283.38 284.88,291.38 277.12,294.38
             271.12,296.62 268.38,296.62 244.88,294.25
             236.75,293.50 236.75,293.50 233.25,297.50
             233.25,297.50 229.88,301.62 229.88,301.62
             229.88,301.62 230.25,335.12 230.25,335.12
             230.62,368.00 230.62,368.75 233.50,371.50
             237.38,375.50 245.00,375.38 249.25,371.38
             249.25,371.38 252.50,368.38 252.50,368.38
             252.50,368.38 252.50,343.75 252.50,343.75
             252.50,343.75 252.50,319.25 252.50,319.25
             252.50,319.25 264.75,319.12 264.75,319.12
             286.38,319.00 303.50,309.75 314.50,292.38
             321.25,281.62 322.75,274.75 323.38,252.37
             323.38,252.37 324.00,231.62 324.00,231.62
             324.00,231.62 330.12,230.12 330.12,230.12
             347.38,225.62 358.63,207.12 355.00,189.25
             353.88,183.75 350.50,177.87 338.88,160.25
             338.88,160.25 324.12,138.12 324.12,138.12
             324.12,138.12 323.25,124.75 323.25,124.75
             321.75,101.62 315.62,83.12 303.25,64.50
             279.38,28.62 235.25,4.13 189.75,1.37
             182.38,1.00 176.75,1.00 177.25,1.37
             178.88,2.88 186.62,5.00 190.25,5.00
             196.12,5.00 218.50,9.87 228.75,13.37
             251.12,21.00 269.00,32.25 285.62,49.25
             300.12,64.00 308.00,76.38 313.62,93.25
             317.38,104.50 320.00,120.25 320.00,131.75
             320.00,137.75 320.88,139.38 335.38,161.12
             335.38,161.12 350.62,184.12 350.62,184.12
             350.62,184.12 351.00,194.88 351.00,194.88
             351.38,204.25 351.00,206.38 348.38,211.25
             344.88,218.00 336.88,224.38 329.62,226.38
             320.25,228.88 320.00,229.50 320.00,248.12
             320.00,257.12 319.38,267.88 318.62,271.88
             313.62,299.12 287.62,318.25 259.50,315.38
             249.12,314.25 248.75,315.38 248.75,343.88
             248.75,343.88 248.75,367.38 248.75,367.38
             248.75,367.38 245.50,369.88 245.50,369.88
             241.38,373.12 241.12,373.12 237.00,369.38
             237.00,369.38 233.75,366.38 233.75,366.38
             233.75,366.38 233.75,333.88 233.75,333.88
             233.75,333.88 233.75,301.25 233.75,301.25
             233.75,301.25 236.88,299.25 236.88,299.25
             239.75,297.38 241.25,297.38 248.75,298.62
             262.12,300.75 273.50,300.38 280.00,297.38
             287.25,294.12 295.62,286.00 299.75,278.12
             303.00,272.12 303.12,271.12 303.75,245.75
             304.38,219.62 304.38,219.62 307.50,217.25
             309.25,216.00 312.00,214.75 313.75,214.38
             326.75,211.88 330.12,210.25 333.63,204.62
             338.38,196.88 337.62,194.75 320.12,168.38
             320.12,168.38 304.12,144.00 304.12,144.00
             304.12,144.00 303.38,127.37 303.38,127.37
             302.75,109.38 300.75,101.50 293.50,86.88
             274.88,49.75 234.00,24.25 186.62,20.12
             144.00,16.37 103.50,31.63 74.75,62.25
             49.25,89.38 37.38,121.75 39.12,159.25
             40.25,183.75 47.50,205.25 61.63,226.62
             69.75,238.75 87.00,255.75 99.75,264.12
             99.75,264.12 108.75,270.00 108.75,270.00
             108.75,270.00 108.75,318.25 108.75,318.25
             108.75,318.25 108.75,366.38 108.75,366.38
             108.75,366.38 105.50,369.38 105.50,369.38
             101.38,373.12 101.12,373.12 97.00,369.88
             97.00,369.88 93.75,367.38 93.75,367.38
             93.75,367.38 93.75,344.62 93.75,344.62
             93.75,332.12 93.38,312.12 92.88,300.25
             92.88,300.25 92.12,278.50 92.12,278.50
             92.12,278.50 82.63,271.50 82.63,271.50
             43.62,242.75 21.75,197.50 23.12,148.75
             24.25,109.50 36.62,79.12 62.62,51.88
             89.12,24.25 118.12,9.87 157.50,5.00
             163.62,4.25 168.75,3.00 169.88,1.88
             171.00,0.87 171.50,0.12 171.25,0.12
             170.88,0.25 165.00,0.75 158.12,1.25 Z" />
</svg>
